[{"fx":1533.0867919921875,"fy":1533.0888671875,"height":2047,"id":0,"img_name":"frame_000710.png","position":[0.10439752042293549,0.5272666215896606,-0.004703395068645477],"rotation":[[0.9991186261177063,0.002791015664115548,0.04188345745205879],[-0.0027684227097779512,0.9999960064888,-0.0005974115920253098],[-0.041884955018758774,0.0004809339588973671,0.9991223216056824]],"width":2447},{"fx":1533.0867919921875,"fy":1533.0888671875,"height":2047,"id":1,"img_name":"frame_000790.png","position":[0.08711515367031097,0.5279306173324585,-0.004471589811146259],"rotation":[[0.9747055172920227,0.002889143768697977,0.22347447276115417],[-0.0034718592651188374,0.9999915361404419,0.002214664127677679],[-0.2234661877155304,-0.002934517338871956,0.9747072458267212]],"width":2447},{"fx":1533.0867919921875,"fy":1533.0888671875,"height":2047,"id":2,"img_name":"frame_000730.png","position":[0.10430514812469482,0.5273927450180054,-0.0047932155430316925],"rotation":[[0.9985312819480896,0.0017279695020988584,0.05415045842528343],[-0.0012084335321560502,0.9999529719352722,-0.009625580161809921],[-0.05416454002261162,0.009546006098389626,0.9984863996505737]],"width":2447},{"fx":1533.0867919921875,"fy":1533.0888671875,"height":2047,"id":3,"img_name":"frame_000720.png","position":[0.10431665182113647,0.5272973775863647,-0.004758005496114492],"rotation":[[0.9987380504608154,0.0026446906849741936,0.050153251737356186],[-0.002601176965981722,0.9999961853027344,-0.0009328669402748346],[-0.05015552416443825,0.0008012321777641773,0.998741090297699]],"width":2447},{"fx":1533.0867919921875,"fy":1533.0888671875,"height":2047,"id":4,"img_name":"frame_000700.png","position":[0.10441488027572632,0.5272616744041443,-0.004732739180326462],"rotation":[[0.999039351940155,0.0009954029228538275,0.04381035268306732],[-0.000907831999938935,0.9999975562095642,-0.002018712693825364],[-0.04381225258111954,0.0019770010840147734,0.9990378022193909]],"width":2447},{"fx":1533.0867919921875,"fy":1533.0888671875,"height":2047,"id":5,"img_name":"frame_000750.png","position":[0.10447932779788971,0.5274044871330261,-0.0039443704299628735],"rotation":[[0.9990951418876648,0.002678951947018504,0.04244653135538101],[-0.0029659119900316,0.9999731779098511,0.006698970217257738],[-0.04242744296789169,-0.0068188016302883625,0.9990763068199158]],"width":2447},{"fx":1533.0867919921875,"fy":1533.0888671875,"height":2047,"id":6,"img_name":"frame_000780.png","position":[0.09547755122184753,0.5277820825576782,-0.004546629264950752],"rotation":[[0.9857930541038513,0.010142139159142971,0.16765809059143066],[-0.009316015057265759,0.9999402761459351,-0.005713237449526787],[-0.16770601272583008,0.0040701646357774734,0.9858286380767822]],"width":2447},{"fx":1533.0867919921875,"fy":1533.0888671875,"height":2047,"id":7,"img_name":"frame_000740.png","position":[0.10414804518222809,0.5276269316673279,-0.0048944586887955666],"rotation":[[0.9976237416267395,-0.0002538242843002081,0.06889720261096954],[0.0020257029682397842,0.9996689558029175,-0.025649072602391243],[-0.06886787712574005,0.025727687403559685,0.997294008731842]],"width":2447},{"fx":1533.0867919921875,"fy":1533.0888671875,"height":2047,"id":8,"img_name":"frame_000660.png","position":[0.10443766415119171,0.5273674130439758,-0.004919399507343769],"rotation":[[0.9983069896697998,0.0025168308056890965,0.05811001732945442],[-0.0020215329714119434,0.9999611377716064,-0.008580663241446018],[-0.058129359036684036,0.008448665030300617,0.9982733130455017]],"width":2447},{"fx":1533.0867919921875,"fy":1533.0888671875,"height":2047,"id":9,"img_name":"frame_000680.png","position":[0.10443178564310074,0.527367353439331,-0.004816774278879166],"rotation":[[0.9988505244255066,0.0017125383019447327,0.04790264368057251],[-0.0012760090176016092,0.9999573826789856,-0.00914193969219923],[-0.04791625589132309,0.009070307947695255,0.9988101720809937]],"width":2447},{"fx":1533.0867919921875,"fy":1533.0888671875,"height":2047,"id":10,"img_name":"frame_000670.png","position":[0.10447411984205246,0.5272866487503052,-0.004829964134842157],"rotation":[[0.9987055063247681,0.001004630932584405,0.05085531622171402],[-0.0009420620044693351,0.9999987483024597,-0.001254287431947887],[-0.050856515765190125,0.0012047550408169627,0.998705267906189]],"width":2447},{"fx":1533.0867919921875,"fy":1533.0888671875,"height":2047,"id":11,"img_name":"frame_000640.png","position":[0.10434239357709885,0.5273782014846802,-0.004895145073533058],"rotation":[[0.9982590675354004,-0.0011387199629098177,0.058971140533685684],[0.0012746816501021385,0.9999966025352478,-0.00226799794472754],[-0.05896836146712303,0.0023392189759761095,0.9982571005821228]],"width":2447},{"fx":1533.0867919921875,"fy":1533.0888671875,"height":2047,"id":12,"img_name":"frame_000650.png","position":[0.10429728776216507,0.5274845361709595,-0.005017273128032684],"rotation":[[0.997582733631134,-0.001466517336666584,0.06947341561317444],[0.0024833376519382,0.9998910427093506,-0.014552001841366291],[-0.06944450736045837,0.014689351432025433,0.997477650642395]],"width":2447},{"fx":1533.0867919921875,"fy":1533.0888671875,"height":2047,"id":13,"img_name":"frame_000630.png","position":[0.1044149249792099,0.527379035949707,-0.004743943456560373],"rotation":[[0.9990715384483337,0.003723119618371129,0.04292045161128044],[-0.003574155503883958,0.9999873042106628,-0.003546919208019972],[-0.042933110147714615,0.003390221856534481,0.9990721940994263]],"width":2447},{"fx":1533.0867919921875,"fy":1533.0888671875,"height":2047,"id":14,"img_name":"frame_000620.png","position":[0.1044757142663002,0.5272141695022583,-0.0045805503614246845],"rotation":[[0.9994642734527588,0.0007011434063315392,0.03272026777267456],[-0.0009967469377443194,0.9999588131904602,0.00901882629841566],[-0.03271259367465973,-0.00904660951346159,0.9994238615036011]],"width":2447},{"fx":1533.0867919921875,"fy":1533.0888671875,"height":2047,"id":15,"img_name":"frame_000580.png","position":[0.10447994619607925,0.527310848236084,-0.004757819231599569],"rotation":[[0.9987241625785828,0.002273806370794773,0.05044666677713394],[-0.0023744264617562294,0.9999952912330627,0.0019347451161593199],[-0.050442032516002655,-0.0020520586986094713,0.9987248778343201]],"width":2447},{"fx":1533.0867919921875,"fy":1533.0888671875,"height":2047,"id":16,"img_name":"frame_000540.png","position":[0.10446001589298248,0.527359664440155,-0.004773786757141352],"rotation":[[0.998668909072876,0.002206861972808838,0.0515318438410759],[-0.0019327900372445583,0.9999837279319763,-0.005367723293602467],[-0.051542848348617554,0.005260977894067764,0.9986569285392761]],"width":2447},{"fx":1533.0867919921875,"fy":1533.0888671875,"height":2047,"id":17,"img_name":"frame_000570.png","position":[0.10447142273187637,0.5272912979125977,-0.0047620004042983055],"rotation":[[0.9985835552215576,0.0006424432503990829,0.05320250988006592],[-0.0008652714896015823,0.9999909400939941,0.004165375139564276],[-0.05319935083389282,-0.004205509554594755,0.9985750317573547]],"width":2447},{"fx":1533.0867919921875,"fy":1533.0888671875,"height":2047,"id":18,"img_name":"frame_000560.png","position":[0.10449402779340744,0.5273281931877136,-0.004773134831339121],"rotation":[[0.9986257553100586,0.0015454586828127503,0.052385736256837845],[-0.0015387969324365258,0.9999988079071045,-0.0001674986124271527],[-0.052385929971933365,8.66574264364317e-05,0.9986268877983093]],"width":2447},{"fx":1533.0867919921875,"fy":1533.0888671875,"height":2047,"id":19,"img_name":"frame_000550.png","position":[0.10453249514102936,0.5274056196212769,-0.004769522696733475],"rotation":[[0.9988160133361816,0.004321111366152763,0.04845504090189934],[-0.003855912247672677,0.9999456405639648,-0.009690000675618649],[-0.04849427565932274,0.009491690434515476,0.9987783432006836]],"width":2447},{"fx":1533.0867919921875,"fy":1533.0888671875,"height":2047,"id":20,"img_name":"frame_000530.png","position":[0.10451382398605347,0.5273913145065308,-0.0046711210161447525],"rotation":[[0.9990905523300171,-0.0012304686242714524,0.042620450258255005],[0.0014919504756107926,0.9999802708625793,-0.006103863008320332],[-0.04261209815740585,0.00616189930588007,0.9990726709365845]],"width":2447},{"fx":1533.0867919921875,"fy":1533.0888671875,"height":2047,"id":21,"img_name":"frame_000490.png","position":[0.10423271358013153,0.5272297263145447,-0.004721335135400295],"rotation":[[0.9986181259155273,0.0012628480326384306,0.052538033574819565],[-0.0013618930242955685,0.9999973773956299,0.0018494485411792994],[-0.052535559982061386,-0.0019184439443051815,0.9986172318458557]],"width":2447},{"fx":1533.0867919921875,"fy":1533.0888671875,"height":2047,"id":22,"img_name":"frame_000480.png","position":[0.10404875874519348,0.527311384677887,-0.004781441763043404],"rotation":[[0.9984638690948486,-0.0008772521978244185,0.055400215089321136],[0.0012191379209980369,0.9999804496765137,-0.006137704011052847],[-0.05539374798536301,0.006195815745741129,0.9984453916549683]],"width":2447},{"fx":1533.0867919921875,"fy":1533.0888671875,"height":2047,"id":23,"img_name":"frame_000500.png","position":[0.10444559901952744,0.5273044109344482,-0.0046183508820831776],"rotation":[[0.9991757273674011,0.0007253768271766603,0.04058726504445076],[-0.0006069072405807674,0.9999955296516418,-0.002931131049990654],[-0.04058920964598656,0.0029040821827948093,0.9991716742515564]],"width":2447},{"fx":1533.0867919921875,"fy":1533.0888671875,"height":2047,"id":24,"img_name":"frame_000520.png","position":[0.10449233651161194,0.527351975440979,-0.004625434521585703],"rotation":[[0.9991287589073181,0.0018899674760177732,0.041691504418849945],[-0.00180299102794379,0.9999961256980896,-0.002123695332556963],[-0.041695356369018555,0.00204667542129755,0.9991282820701599]],"width":2447},{"fx":1533.0867919921875,"fy":1533.0888671875,"height":2047,"id":25,"img_name":"frame_000510.png","position":[0.10449522733688354,0.5273594856262207,-0.004600231070071459],"rotation":[[0.9992293119430542,0.0021745767444372177,0.039191946387290955],[-0.002022198401391506,0.9999902248382568,-0.003927229437977076],[-0.039200104773044586,0.003844949183985591,0.9992240071296692]],"width":2447},{"fx":1533.0867919921875,"fy":1533.0888671875,"height":2047,"id":26,"img_name":"frame_000590.png","position":[0.1045711487531662,0.5274319648742676,-0.004682524129748344],"rotation":[[0.9993093013763428,0.005532169248908758,0.03674674779176712],[-0.005148712079972029,0.9999313950538635,-0.010521581396460533],[-0.03680243343114853,0.0103251151740551,0.9992692470550537]],"width":2447},{"fx":1533.0867919921875,"fy":1533.0888671875,"height":2047,"id":27,"img_name":"frame_000610.png","position":[0.10452160984277725,0.5273486375808716,-0.004594489000737667],"rotation":[[0.9994813799858093,0.0009293794282712042,0.0321890152990818],[-0.0008067957242019475,0.9999923706054688,-0.003821024904027581],[-0.03219232335686684,0.003793073119595647,0.9994744658470154]],"width":2447},{"fx":1533.0867919921875,"fy":1533.0888671875,"height":2047,"id":28,"img_name":"frame_000600.png","position":[0.10452966392040253,0.5274314880371094,-0.004633376374840736],"rotation":[[0.9994297027587891,0.004260402638465166,0.033498115837574005],[-0.003886154154315591,0.9999293684959412,-0.011229409836232662],[-0.03354359418153763,0.011092827655375004,0.9993757009506226]],"width":2447},{"fx":1533.0867919921875,"fy":1533.0888671875,"height":2047,"id":29,"img_name":"frame_000440.png","position":[0.10682689398527145,0.5277813076972961,-0.0053129373118281364],"rotation":[[0.9990923404693604,-0.004955880343914032,0.04230707883834839],[0.006014418788254261,0.9996711015701294,-0.024929869920015335],[-0.042169615626335144,0.02516169473528862,0.9987936019897461]],"width":2447},{"fx":1533.0867919921875,"fy":1533.0888671875,"height":2047,"id":30,"img_name":"frame_000470.png","position":[0.10443253070116043,0.5275053977966309,-0.0045257131569087505],"rotation":[[0.9998620748519897,0.0031424977350980043,0.01630670577287674],[-0.002797585679218173,0.9997727870941162,-0.021131427958607674],[-0.016369406133890152,0.021082894876599312,0.9996437430381775]],"width":2447},{"fx":1533.0867919921875,"fy":1533.0888671875,"height":2047,"id":31,"img_name":"frame_000420.png","position":[0.10663040727376938,0.5260947346687317,-0.0019619958475232124],"rotation":[[0.9504490494728088,0.3067367672920227,0.05058857053518295],[-0.30688905715942383,0.9517325758934021,-0.0049218423664569855],[-0.04965650290250778,-0.010847117751836777,0.9987074732780457]],"width":2447},{"fx":1533.0867919921875,"fy":1533.0888671875,"height":2047,"id":32,"img_name":"frame_000410.png","position":[0.10751865059137344,0.5260721445083618,0.003273613750934601],"rotation":[[0.949427604675293,0.30995091795921326,0.05017663910984993],[-0.30992361903190613,0.9507232904434204,-0.00852075032889843],[-0.05034511163830757,-0.0074610901065170765,0.9987040162086487]],"width":2447},{"fx":1533.0867919921875,"fy":1533.0888671875,"height":2047,"id":33,"img_name":"frame_000400.png","position":[0.10844111442565918,0.5259765982627869,0.008587585762143135],"rotation":[[0.9496804475784302,0.30946096777915955,0.0483832061290741],[-0.3095960319042206,0.9508557319641113,-0.00486622704192996],[-0.047511354088783264,-0.01035788469016552,0.998816967010498]],"width":2447},{"fx":1533.0867919921875,"fy":1533.0888671875,"height":2047,"id":34,"img_name":"frame_000390.png","position":[0.10937757045030594,0.5258764624595642,0.013869641348719597],"rotation":[[0.9501771926879883,0.30815306305885315,0.046957504004240036],[-0.30846986174583435,0.951233983039856,-0.0005246060900390148],[-0.04482923075556755,-0.013986505568027496,0.9988967776298523]],"width":2447},{"fx":1533.0867919921875,"fy":1533.0888671875,"height":2047,"id":35,"img_name":"frame_000430.png","position":[0.10668367892503738,0.5261038541793823,-0.004815747961401939],"rotation":[[0.9518292546272278,0.30655068159103394,-0.006908394396305084],[-0.306535542011261,0.9518539309501648,0.003175690770149231],[0.007549292407929897,-0.0009050470544025302,0.9999710917472839]],"width":2447},{"fx":1533.0867919921875,"fy":1533.0888671875,"height":2047,"id":36,"img_name":"frame_000380.png","position":[0.11026689410209656,0.5258815288543701,0.019086621701717377],"rotation":[[0.950390636920929,0.3073267638683319,0.048040591180324554],[-0.3072488009929657,0.9515849351882935,-0.009182266891002655],[-0.04853665828704834,-0.006033673882484436,0.9988031983375549]],"width":2447},{"fx":1533.0867919921875,"fy":1533.0888671875,"height":2047,"id":37,"img_name":"frame_000690.png","position":[0.10440962761640549,0.5274305939674377,-0.004802687093615532],"rotation":[[0.9989534020423889,0.0027843499556183815,0.04565475136041641],[-0.0021048798225820065,0.9998863935470581,-0.014924113638699055],[-0.04569111764431,0.01481239590793848,0.9988458156585693]],"width":2447},{"fx":1533.0867919921875,"fy":1533.0888671875,"height":2047,"id":38,"img_name":"frame_000370.png","position":[0.1111253872513771,0.5258173942565918,0.02434804104268551],"rotation":[[0.9509862065315247,0.30544939637184143,0.04822815582156181],[-0.3055206835269928,0.9521660804748535,-0.006066722795367241],[-0.047774288803339005,-0.008965330198407173,0.9988179206848145]],"width":2447},{"fx":1533.0867919921875,"fy":1533.0888671875,"height":2047,"id":39,"img_name":"frame_000360.png","position":[0.11200816184282303,0.525736391544342,0.029638854786753654],"rotation":[[0.95012366771698,0.309244304895401,0.04040968790650368],[-0.3092569410800934,0.9509589672088623,-0.0060952347703278065],[-0.04031287506222725,-0.006705749314278364,0.9991645812988281]],"width":2447},{"fx":1533.0867919921875,"fy":1533.0888671875,"height":2047,"id":40,"img_name":"frame_000350.png","position":[0.11279067397117615,0.5256883502006531,0.03486192226409912],"rotation":[[0.950829029083252,0.30639493465423584,0.04523554816842079],[-0.30643540620803833,0.9518712162971497,-0.006208671256899834],[-0.04496071860194206,-0.007958387956023216,0.9989570379257202]],"width":2447},{"fx":1533.0867919921875,"fy":1533.0888671875,"height":2047,"id":41,"img_name":"frame_000800.png","position":[0.07889842242002487,0.528144359588623,-0.004025050438940525],"rotation":[[0.9832243919372559,-0.0003152085992041975,0.1823999136686325],[-0.00044330660603009164,0.9999914169311523,0.00411774218082428],[-0.18239964544773102,-0.004129523411393166,0.9832158088684082]],"width":2447},{"fx":1533.0867919921875,"fy":1533.0888671875,"height":2047,"id":42,"img_name":"frame_000450.png","position":[0.10319622606039047,0.5279356241226196,-0.005713161081075668],"rotation":[[0.9671275615692139,-0.0031610489822924137,0.2542721927165985],[0.008870383724570274,0.999733567237854,-0.02131017856299877],[-0.2541370689868927,0.02286515198647976,0.9668979048728943]],"width":2447},{"fx":1533.0867919921875,"fy":1533.0888671875,"height":2047,"id":43,"img_name":"frame_000760.png","position":[0.10493112355470657,0.5277544856071472,-0.00322534772567451],"rotation":[[0.9986441135406494,-0.00014256994472816586,-0.05205654352903366],[-0.00015957659343257546,0.9999831914901733,-0.005799997132271528],[0.05205649137496948,0.005800440441817045,0.9986273050308228]],"width":2447},{"fx":1533.0867919921875,"fy":1533.0888671875,"height":2047,"id":44,"img_name":"frame_000340.png","position":[0.11364783346652985,0.5256199240684509,0.04015228897333145],"rotation":[[0.950808048248291,0.3073606491088867,0.038646284490823746],[-0.30746227502822876,0.9515540599822998,-0.0034329236950725317],[-0.03782917186617851,-0.008618221618235111,0.9992470741271973]],"width":2447},{"fx":1533.0867919921875,"fy":1533.0888671875,"height":2047,"id":45,"img_name":"frame_000330.png","position":[0.11439040303230286,0.5255113840103149,0.045421991497278214],"rotation":[[0.9506857395172119,0.30748802423477173,0.04059290885925293],[-0.30782151222229004,0.9514418244361877,0.0020821630023419857],[-0.0379815548658371,-0.01447485201060772,0.9991735816001892]],"width":2447},{"fx":1533.0867919921875,"fy":1533.0888671875,"height":2047,"id":46,"img_name":"frame_000320.png","position":[0.11521794646978378,0.5255003571510315,0.05068819224834442],"rotation":[[0.951383113861084,0.3066258430480957,0.02916731685400009],[-0.3065727949142456,0.9518257975578308,-0.006384333595633507],[-0.02971980720758438,-0.002867958275601268,0.9995541572570801]],"width":2447},{"fx":1533.0867919921875,"fy":1533.0888671875,"height":2047,"id":47,"img_name":"frame_000770.png","position":[0.09745849668979645,0.5280436277389526,-0.0047624181024730206],"rotation":[[0.9361438751220703,0.0020434604957699776,0.3516112267971039],[6.867211777716875e-05,0.9999820590019226,-0.005994434934109449],[-0.3516171872615814,0.005635799374431372,0.9361269474029541]],"width":2447},{"fx":1533.0867919921875,"fy":1533.0888671875,"height":2047,"id":48,"img_name":"frame_000810.png","position":[0.06788889318704605,0.528451681137085,-0.0038622377905994654],"rotation":[[0.9751145243644714,0.0037061998154968023,0.22167068719863892],[-0.0030513929668813944,0.999989926815033,-0.003296352457255125],[-0.2216806709766388,0.0025379168801009655,0.9751160144805908]],"width":2447},{"fx":1533.0867919921875,"fy":1533.0888671875,"height":2047,"id":49,"img_name":"frame_000310.png","position":[0.11596741527318954,0.5254128575325012,0.05594448372721672],"rotation":[[0.9515659809112549,0.3055037558078766,0.03449149429798126],[-0.30567649006843567,0.9521353840827942,-0.0002787252888083458],[-0.03292572498321533,-0.010278013534843922,0.9994049668312073]],"width":2447},{"fx":1533.0867919921875,"fy":1533.0888671875,"height":2047,"id":50,"img_name":"frame_000300.png","position":[0.116737961769104,0.5253531336784363,0.06121448427438736],"rotation":[[0.9514805674552917,0.30551135540008545,0.036709144711494446],[-0.30563563108444214,0.9521457552909851,-0.0023148192558437586],[-0.035659655928611755,-0.009017115458846092,0.999323308467865]],"width":2447},{"fx":1533.0867919921875,"fy":1533.0888671875,"height":2047,"id":51,"img_name":"frame_000460.png","position":[0.107388935983181,0.5272566676139832,-0.003245837287977338],"rotation":[[0.9786649942398071,-0.0015125467907637358,-0.20545685291290283],[0.001873925793915987,0.9999970197677612,0.001564334612339735],[0.20545387268066406,-0.0019159703515470028,0.9786649346351624]],"width":2447},{"fx":1533.0867919921875,"fy":1533.0888671875,"height":2047,"id":52,"img_name":"frame_000290.png","position":[0.11750702559947968,0.5252712965011597,0.06650399416685104],"rotation":[[0.951198935508728,0.3067253530025482,0.03376592695713043],[-0.3067950904369354,0.9517701268196106,-0.0032236315310001373],[-0.033126167953014374,-0.007292904891073704,0.9994245767593384]],"width":2447},{"fx":1533.0867919921875,"fy":1533.0888671875,"height":2047,"id":53,"img_name":"frame_000820.png","position":[0.05628407746553421,0.5287601947784424,-0.0036541756708174944],"rotation":[[0.9773415327072144,0.01162043772637844,0.21134932339191437],[-0.008036484941840172,0.9998091459274292,-0.017808567732572556],[-0.21151591837406158,0.01570654660463333,0.9772483706474304]],"width":2447},{"fx":1533.0867919921875,"fy":1533.0888671875,"height":2047,"id":54,"img_name":"frame_000280.png","position":[0.11826245486736298,0.5252196192741394,0.07178555428981781],"rotation":[[0.9515547752380371,0.30570173263549805,0.033014364540576935],[-0.3056597113609314,0.9521190524101257,-0.006436082534492016],[-0.03340112417936325,-0.003966874442994595,0.9994341731071472]],"width":2447},{"fx":1533.0867919921875,"fy":1533.0888671875,"height":2047,"id":55,"img_name":"frame_000270.png","position":[0.11905733495950699,0.5252139568328857,0.07708404213190079],"rotation":[[0.9523328542709351,0.30372610688209534,0.028504753485322],[-0.303754061460495,0.9527442455291748,-0.0034496751613914967],[-0.028205497190356255,-0.00537319527938962,0.9995877146720886]],"width":2447},{"fx":1533.0867919921875,"fy":1533.0888671875,"height":2047,"id":56,"img_name":"frame_000260.png","position":[0.11990807950496674,0.5252000689506531,0.08239962160587311],"rotation":[[0.9512147307395935,0.3074715733528137,0.0255290437489748],[-0.30759912729263306,0.9515153765678406,0.0011330130510032177],[-0.02394290827214718,-0.008930450305342674,0.9996734261512756]],"width":2447},{"fx":1533.0867919921875,"fy":1533.0888671875,"height":2047,"id":57,"img_name":"frame_000250.png","position":[0.12080100923776627,0.525202214717865,0.08773478120565414],"rotation":[[0.9509591460227966,0.30482977628707886,0.05249286815524101],[-0.305946409702301,0.9519376158714294,0.014546518214046955],[-0.045535724610090256,-0.029893148690462112,0.9985153675079346]],"width":2447},{"fx":1533.0867919921875,"fy":1533.0888671875,"height":2047,"id":58,"img_name":"frame_000240.png","position":[0.12171009927988052,0.5252544283866882,0.09316086024045944],"rotation":[[0.9523886442184448,0.3005427420139313,0.05128267779946327],[-0.3016926944255829,0.953267514705658,0.016205264255404472],[-0.044015731662511826,-0.03090531937777996,0.998552680015564]],"width":2447},{"fx":1533.0867919921875,"fy":1533.0888671875,"height":2047,"id":59,"img_name":"frame_000230.png","position":[0.12249772995710373,0.5252070426940918,0.09903980791568756],"rotation":[[0.9464831352233887,0.31889137625694275,0.049779389053583145],[-0.32023701071739197,0.9470887780189514,0.021705850958824158],[-0.04022369161248207,-0.036485426127910614,0.9985243678092957]],"width":2447},{"fx":1533.0867919921875,"fy":1533.0888671875,"height":2047,"id":60,"img_name":"frame_000220.png","position":[0.12300218641757965,0.5252466797828674,0.10355471074581146],"rotation":[[0.9468048810958862,0.3200324475765228,0.033760279417037964],[-0.3209044635295868,0.9467927813529968,0.024570830166339874],[-0.024100525304675102,-0.03409760445356369,0.9991278648376465]],"width":2447},{"fx":1533.0867919921875,"fy":1533.0888671875,"height":2047,"id":61,"img_name":"frame_000210.png","position":[0.12316103279590607,0.5252619385719299,0.1042662262916565],"rotation":[[0.9501875638961792,0.3111242949962616,0.01858239620923996],[-0.3115721642971039,0.9497318863868713,0.03053046017885208],[-0.0081495251506567,-0.03479941934347153,0.9993610978126526]],"width":2447},{"fx":1533.0867919921875,"fy":1533.0888671875,"height":2047,"id":62,"img_name":"frame_000200.png","position":[0.12317508459091187,0.52532958984375,0.10434626042842865],"rotation":[[0.967368483543396,0.25309646129608154,0.011846762150526047],[-0.253373384475708,0.9663661122322083,0.044027622789144516],[-0.0003050747327506542,-0.04559258744120598,0.9989600777626038]],"width":2447},{"fx":1533.0867919921875,"fy":1533.0888671875,"height":2047,"id":63,"img_name":"frame_000830.png","position":[0.043060723692178726,0.5285402536392212,-0.00341240456327796],"rotation":[[0.9716663360595703,0.010869331657886505,0.2361067831516266],[-0.012668536975979805,0.9999011158943176,0.0061045861802995205],[-0.23601707816123962,-0.008922748267650604,0.9717079401016235]],"width":2447},{"fx":1533.0867919921875,"fy":1533.0888671875,"height":2047,"id":64,"img_name":"frame_000840.png","position":[0.030568761751055717,0.5285527110099792,-0.002750101499259472],"rotation":[[0.9873984456062317,0.012272286228835583,0.15777723491191864],[-0.016202177852392197,0.9995890855789185,0.023645762354135513],[-0.1574222296476364,-0.025904126465320587,0.9871915578842163]],"width":2447},{"fx":1533.0867919921875,"fy":1533.0888671875,"height":2047,"id":65,"img_name":"frame_000850.png","position":[0.016891056671738625,0.5289342999458313,-0.002461831783875823],"rotation":[[0.9869681596755981,0.006839360110461712,0.16077014803886414],[-0.009756003506481647,0.9998016953468323,0.017359323799610138],[-0.1606195569038391,-0.018701575696468353,0.9868391752243042]],"width":2447},{"fx":1533.0867919921875,"fy":1533.0888671875,"height":2047,"id":66,"img_name":"frame_000860.png","position":[0.003246122971177101,0.5292015075683594,-0.00229811854660511],"rotation":[[0.984350323677063,0.006955433636903763,0.17608524858951569],[-0.01028994470834732,0.9997844696044922,0.018030904233455658],[-0.17592187225818634,-0.019560635089874268,0.9842097759246826]],"width":2447},{"fx":1533.0867919921875,"fy":1533.0888671875,"height":2047,"id":67,"img_name":"frame_000870.png","position":[-0.010124427266418934,0.5294445157051086,-0.0019879580941051245],"rotation":[[0.9845123887062073,0.0075666289776563644,0.1751515418291092],[-0.010473212227225304,0.9998222589492798,0.01567627675831318],[-0.17500178515911102,-0.01726788841187954,0.984416663646698]],"width":2447},{"fx":1533.0867919921875,"fy":1533.0888671875,"height":2047,"id":68,"img_name":"frame_000880.png","position":[-0.02352767251431942,0.5296812057495117,-0.0016970785800367594],"rotation":[[0.9837789535522461,0.006629548501223326,0.17926238477230072],[-0.009622161276638508,0.9998283982276917,0.015829693526029587],[-0.17912669479846954,-0.017297811806201935,0.9836739301681519]],"width":2447},{"fx":1533.0867919921875,"fy":1533.0888671875,"height":2047,"id":69,"img_name":"frame_000890.png","position":[-0.03663954511284828,0.530247151851654,-0.0013341358862817287],"rotation":[[0.9860901832580566,-0.0013696670066565275,0.1662055104970932],[0.0026367323007434607,0.9999691247940063,-0.007403070107102394],[-0.1661902517080307,0.007738334126770496,0.9860633611679077]],"width":2447},{"fx":1533.0867919921875,"fy":1533.0888671875,"height":2047,"id":70,"img_name":"frame_000900.png","position":[-0.050279680639505386,0.5303204655647278,-0.001116076484322548],"rotation":[[0.9824296832084656,0.0008742716163396835,0.1866312026977539],[-0.00100996985565871,0.9999992847442627,0.0006320130778476596],[-0.186630517244339,-0.0008094002259895205,0.9824298620223999]],"width":2447},{"fx":1533.0867919921875,"fy":1533.0888671875,"height":2047,"id":71,"img_name":"frame_000910.png","position":[-0.06328887492418289,0.5303704738616943,-0.0007413066341541708],"rotation":[[0.9850212931632996,0.003059276845306158,0.17240574955940247],[-0.005865687970072031,0.9998584389686584,0.015770841389894485],[-0.17233309149742126,-0.016545891761779785,0.9848997592926025]],"width":2447},{"fx":1533.0867919921875,"fy":1533.0888671875,"height":2047,"id":72,"img_name":"frame_000920.png","position":[-0.07655302435159683,0.5308383107185364,-0.0004874480073340237],"rotation":[[0.9845442175865173,-0.0031587351113557816,0.17510779201984406],[0.001712300698272884,0.9999631643295288,0.008410722948610783],[-0.17512790858745575,-0.00798089150339365,0.9845133423805237]],"width":2447},{"fx":1533.0867919921875,"fy":1533.0888671875,"height":2047,"id":73,"img_name":"frame_000930.png","position":[-0.08968833833932877,0.5311421751976013,-0.00016032223356887698],"rotation":[[0.9860250949859619,-0.012490100227296352,0.16612809896469116],[0.011380781419575214,0.9999061226844788,0.007627802900969982],[-0.16620779037475586,-0.005630536936223507,0.986074686050415]],"width":2447},{"fx":1533.0867919921875,"fy":1533.0888671875,"height":2047,"id":74,"img_name":"frame_000940.png","position":[-0.10294432193040848,0.5314037799835205,3.311381442472339e-05],"rotation":[[0.9868026375770569,-0.002903505926951766,0.16190162301063538],[0.0028251383919268847,0.999995768070221,0.0007142588729038835],[-0.1619030237197876,-0.000247438030783087,0.9868066310882568]],"width":2447},{"fx":1533.0867919921875,"fy":1533.0888671875,"height":2047,"id":75,"img_name":"frame_000950.png","position":[-0.11661230772733688,0.5316544771194458,0.00017235310224350542],"rotation":[[0.9836365580558777,-0.001645617070607841,0.18015672266483307],[0.0020607756450772285,0.9999956488609314,-0.0021172910928726196],[-0.18015246093273163,0.0024539073929190636,0.983635663986206]],"width":2447},{"fx":1533.0867919921875,"fy":1533.0888671875,"height":2047,"id":76,"img_name":"frame_000960.png","position":[-0.12952029705047607,0.5317925810813904,0.0005585831240750849],"rotation":[[0.9879047870635986,0.0028853658586740494,0.15503476560115814],[-0.0036385641433298588,0.9999828934669495,0.004574705380946398],[-0.1550189107656479,-0.0050834775902330875,0.9878984093666077]],"width":2447},{"fx":1533.0867919921875,"fy":1533.0888671875,"height":2047,"id":77,"img_name":"frame_000970.png","position":[-0.14286208152770996,0.5321635603904724,0.0007629977772012353],"rotation":[[0.9875103831291199,0.006668508984148502,0.15741270780563354],[-0.0070444149896502495,0.9999735355377197,0.0018302251119166613],[-0.1573963463306427,-0.002916246885433793,0.9875311851501465]],"width":2447},{"fx":1533.0867919921875,"fy":1533.0888671875,"height":2047,"id":78,"img_name":"frame_000980.png","position":[-0.15612906217575073,0.5324389338493347,0.001012911438010633],"rotation":[[0.9878382086753845,0.004260474815964699,0.15542683005332947],[-0.0052826888859272,0.9999670386314392,0.00616436218842864],[-0.15539544820785522,-0.006910464260727167,0.9878281950950623]],"width":2447},{"fx":1533.0867919921875,"fy":1533.0888671875,"height":2047,"id":79,"img_name":"frame_000990.png","position":[-0.16949661076068878,0.5327017307281494,0.001205987180583179],"rotation":[[0.9871382713317871,0.005865373648703098,0.15976132452487946],[-0.007121820002794266,0.9999480247497559,0.007293077651411295],[-0.15971024334430695,-0.008337067440152168,0.987128734588623]],"width":2447},{"fx":1533.0867919921875,"fy":1533.0888671875,"height":2047,"id":80,"img_name":"frame_001000.png","position":[-0.18306684494018555,0.5329947471618652,0.00136227544862777],"rotation":[[0.9846735596656799,0.005238260142505169,0.17432895302772522],[-0.006815257482230663,0.9999411106109619,0.008448698557913303],[-0.17427441477775574,-0.009507306851446629,0.9846512079238892]],"width":2447},{"fx":1533.0867919921875,"fy":1533.0888671875,"height":2047,"id":81,"img_name":"frame_001010.png","position":[-0.19598311185836792,0.5331395864486694,0.0017134442459791899],"rotation":[[0.988319456577301,0.0039183455519378185,0.1523459255695343],[-0.006588237825781107,0.999833345413208,0.01702435500919819],[-0.15225383639335632,-0.01782919280230999,0.9881805777549744]],"width":2447},{"fx":1533.0867919921875,"fy":1533.0888671875,"height":2047,"id":82,"img_name":"frame_001020.png","position":[-0.20939546823501587,0.5335245132446289,0.0018528568325564265],"rotation":[[0.9866740703582764,0.002627672627568245,0.16268789768218994],[-0.004218453541398048,0.9999465942382813,0.009433439932763577],[-0.16265442967414856,-0.009994021616876125,0.9866324663162231]],"width":2447},{"fx":1533.0867919921875,"fy":1533.0888671875,"height":2047,"id":83,"img_name":"frame_001030.png","position":[-0.22278743982315063,0.5338821411132813,0.0019836665596812963],"rotation":[[0.9852792620658875,0.0024702497757971287,0.17093482613563538],[-0.0031826565973460674,0.9999873638153076,0.0038938059005886316],[-0.17092305421829224,-0.004380512982606888,0.9852746725082397]],"width":2447},{"fx":1533.0867919921875,"fy":1533.0888671875,"height":2047,"id":84,"img_name":"frame_001040.png","position":[-0.23595547676086426,0.5339545607566833,0.002132503315806389],"rotation":[[0.9858065843582153,0.01441249717026949,0.1672651767730713],[-0.01634111814200878,0.9998148679733276,0.010159632191061974],[-0.16708779335021973,-0.012748731300234795,0.9858595728874207]],"width":2447},{"fx":1533.0867919921875,"fy":1533.0888671875,"height":2047,"id":85,"img_name":"frame_001050.png","position":[-0.2496962547302246,0.533334493637085,0.002462978707626462],"rotation":[[0.9811551570892334,-0.0020420076325535774,0.19321084022521973],[-0.01151932030916214,0.9975473880767822,0.06903981417417526],[-0.19287794828414917,-0.06996443122625351,0.978725254535675]],"width":2447},{"fx":1533.0867919921875,"fy":1533.0888671875,"height":2047,"id":86,"img_name":"frame_001060.png","position":[-0.2623882591724396,0.532189130783081,0.0033031359780579805],"rotation":[[0.9836010932922363,-0.10880836099386215,0.1438390463590622],[0.08156605809926987,0.979665219783783,0.18331120908260345],[-0.16085989773273468,-0.16857270896434784,0.9724748730659485]],"width":2447},{"fx":1533.0867919921875,"fy":1533.0888671875,"height":2047,"id":87,"img_name":"frame_001070.png","position":[-0.2746979892253876,0.529696524143219,0.0038368802051991224],"rotation":[[0.9479913115501404,-0.30446115136146545,0.09282191842794418],[0.2722618281841278,0.9267032742500305,0.25902605056762695],[-0.16488173604011536,-0.22028258442878723,0.9613997936248779]],"width":2447},{"fx":1533.0867919921875,"fy":1533.0888671875,"height":2047,"id":88,"img_name":"frame_001080.png","position":[-0.28567197918891907,0.5249432921409607,0.004334218334406614],"rotation":[[0.8536363840103149,-0.5207096338272095,0.012903019785881042],[0.4984944760799408,0.8238985538482666,0.2696192264556885],[-0.15102408826351166,-0.22372467815876007,0.962880551815033]],"width":2447},{"fx":1533.0867919921875,"fy":1533.0888671875,"height":2047,"id":89,"img_name":"frame_001090.png","position":[-0.2954045832157135,0.5176458358764648,0.0046557956375181675],"rotation":[[0.7090599536895752,-0.7034077048301697,-0.049513641744852066],[0.6912725567817688,0.6795305609703064,0.24572435021400452],[-0.13919836282730103,-0.2084607183933258,0.9680743217468262]],"width":2447},{"fx":1533.0867919921875,"fy":1533.0888671875,"height":2047,"id":90,"img_name":"frame_001100.png","position":[-0.3033547103404999,0.5078306794166565,0.004876099526882172],"rotation":[[0.5227075219154358,-0.8470078110694885,-0.09671936929225922],[0.8395132422447205,0.4916776418685913,0.2312370091676712],[-0.1483047902584076,-0.20206652581691742,0.9680778980255127]],"width":2447},{"fx":1533.0867919921875,"fy":1533.0888671875,"height":2047,"id":91,"img_name":"frame_001110.png","position":[-0.3085998296737671,0.49671754240989685,0.00523541821166873],"rotation":[[0.3082820177078247,-0.9415271282196045,-0.1359734684228897],[0.9439758062362671,0.285072386264801,0.166263148188591],[-0.11777899414300919,-0.17961160838603973,0.9766615629196167]],"width":2447},{"fx":1533.0867919921875,"fy":1533.0888671875,"height":2047,"id":92,"img_name":"frame_001120.png","position":[-0.31204214692115784,0.4843427538871765,0.0052405474707484245],"rotation":[[0.1119992733001709,-0.9884732961654663,-0.1018664538860321],[0.9885126352310181,0.10035759210586548,0.11300981044769287],[-0.10148410499095917,-0.11335329711437225,0.9883582592010498]],"width":2447},{"fx":1533.0867919921875,"fy":1533.0888671875,"height":2047,"id":93,"img_name":"frame_001130.png","position":[-0.3143608272075653,0.4708428978919983,0.005040323827415705],"rotation":[[0.014298081398010254,-0.9998977780342102,-0.0001540258526802063],[0.9957628846168518,0.014225006103515625,0.09085080772638321],[-0.09083932638168335,-0.0014523640275001526,0.9958645105361938]],"width":2447},{"fx":1533.0867919921875,"fy":1533.0888671875,"height":2047,"id":94,"img_name":"frame_001140.png","position":[-0.314728707075119,0.4569256007671356,0.005344802979379892],"rotation":[[0.009562253952026367,-0.9995861053466797,0.02713324874639511],[0.9965362548828125,0.011767685413360596,0.08232268691062927],[-0.08260791003704071,0.02625207230448723,0.9962363243103027]],"width":2447},{"fx":1533.0867919921875,"fy":1533.0888671875,"height":2047,"id":95,"img_name":"frame_001150.png","position":[-0.314856618642807,0.44249704480171204,0.0054634190164506435],"rotation":[[0.01176595687866211,-0.9995518326759338,0.027527835220098495],[0.9932212233543396,0.014866411685943604,0.11528518050909042],[-0.1156427413225174,0.025984786450862885,0.9929509162902832]],"width":2447},{"fx":1533.0867919921875,"fy":1533.0888671875,"height":2047,"id":96,"img_name":"frame_001160.png","position":[-0.3151133358478546,0.4290091395378113,0.00589018315076828],"rotation":[[0.009096503257751465,-0.9995558857917786,0.028382468968629837],[0.9943881630897522,0.012033998966217041,0.1051073968410492],[-0.10540226101875305,0.02726707234978676,0.9940557479858398]],"width":2447},{"fx":1533.0867919921875,"fy":1533.0888671875,"height":2047,"id":97,"img_name":"frame_001170.png","position":[-0.3153347373008728,0.415294349193573,0.0062264688313007355],"rotation":[[0.013643443584442139,-0.9996380805969238,0.023184623569250107],[0.9935559034347534,0.016162335872650146,0.1121847927570343],[-0.11251890659332275,0.021504640579223633,0.9934168457984924]],"width":2447},{"fx":1533.0867919921875,"fy":1533.0888671875,"height":2047,"id":98,"img_name":"frame_001180.png","position":[-0.3156704604625702,0.40167826414108276,0.0066217160783708096],"rotation":[[0.010650098323822021,-0.9997801780700684,0.018059998750686646],[0.9935904741287231,0.012613356113433838,0.112334243953228],[-0.11253733932971954,0.016747869551181793,0.9935063719749451]],"width":2447},{"fx":1533.0867919921875,"fy":1533.0888671875,"height":2047,"id":99,"img_name":"frame_001190.png","position":[-0.3160457909107208,0.38809898495674133,0.007028102874755859],"rotation":[[0.015278756618499756,-0.9996804594993591,0.020140334963798523],[0.9944561123847961,0.017288565635681152,0.10372170060873032],[-0.10403674840927124,0.018443942070007324,0.9944024085998535]],"width":2447},{"fx":1533.0867919921875,"fy":1533.0888671875,"height":2047,"id":100,"img_name":"frame_001200.png","position":[-0.3164805471897125,0.3741987943649292,0.007279625162482262],"rotation":[[0.016856670379638672,-0.999539852142334,0.02521532028913498],[0.9933710098266602,0.01960998773574829,0.11326685547828674],[-0.1137092188000679,0.0231388658285141,0.9932445883750916]],"width":2447},{"fx":1533.0867919921875,"fy":1533.0888671875,"height":2047,"id":101,"img_name":"frame_001210.png","position":[-0.31693506240844727,0.36058560013771057,0.0076452926732599735],"rotation":[[0.012366056442260742,-0.9995740056037903,0.02644221857190132],[0.9943847060203552,0.015072762966156006,0.10474780201911926],[-0.10510173439979553,0.024998407810926437,0.9941472411155701]],"width":2447},{"fx":1533.0867919921875,"fy":1533.0888671875,"height":2047,"id":102,"img_name":"frame_001220.png","position":[-0.31719908118247986,0.3469458818435669,0.008035033941268921],"rotation":[[0.014671921730041504,-0.9997314810752869,0.017936356365680695],[0.9949838519096375,0.01637279987335205,0.09868733584880829],[-0.09895450621843338,0.016398455947637558,0.9949568510055542]],"width":2447},{"fx":1533.0867919921875,"fy":1533.0888671875,"height":2047,"id":10